<coordinates>
-114.233079,67.886196,0.0 
-114.226213,67.881090,0.0 
-114.221406,67.877083,0.0 
-114.212137,67.875790,0.0 
-114.202180,67.874755,0.0 
-114.192567,67.874303,0.0 
-114.185186,67.873979,0.0 
-114.177461,67.874044,0.0 
-114.167848,67.874884,0.0 
-114.161668,67.874949,0.0 
-114.151369,67.877212,0.0 
-114.145532,67.879733,0.0 
-114.144330,67.881995,0.0 
-114.141927,67.882512,0.0 
-114.139352,67.881413,0.0 
-114.134374,67.879668,0.0 
-114.131113,67.878828,0.0 
-114.128366,67.878763,0.0 
-114.125963,67.879022,0.0 
-114.122015,67.879927,0.0 
-114.118581,67.879410,0.0 
-114.113260,67.878828,0.0 
-114.109483,67.879280,0.0 
-114.107595,67.880250,0.0 
-114.106050,67.879927,0.0 
-114.106050,67.879410,0.0 
-114.102960,67.879151,0.0 
-114.102960,67.880509,0.0 
-114.099677,67.881396,0.0 
-114.096244,67.880297,0.0 
-114.094184,67.880297,0.0 
-114.090236,67.879910,0.0 
-114.088004,67.880491,0.0 
-114.086631,67.880168,0.0 
-114.087833,67.878940,0.0 
-114.091266,67.877582,0.0 
-114.088691,67.876548,0.0 
-114.086459,67.875902,0.0 
-114.082511,67.875902,0.0 
-114.079078,67.876677,0.0 
-114.077361,67.877324,0.0 
-114.076160,67.877906,0.0 
-114.074271,67.877518,0.0 
-114.074271,67.876871,0.0 
-114.073136,67.876011,0.0 
-114.069531,67.875559,0.0 
-114.067300,67.875623,0.0 
-114.063008,67.875817,0.0 
-114.059918,67.875623,0.0 
-114.056485,67.875365,0.0 
-114.054425,67.875559,0.0 
-114.051507,67.875753,0.0 
-114.047730,67.875106,0.0 
-114.042237,67.876528,0.0 
-114.040005,67.875817,0.0 
-114.036916,67.875882,0.0 
-114.033654,67.875041,0.0 
-114.029877,67.875559,0.0 
-114.028504,67.876528,0.0 
-114.025414,67.877627,0.0 
-114.020779,67.876722,0.0 
-114.018376,67.876205,0.0 
-114.014428,67.876852,0.0 
-114.011166,67.876852,0.0 
-114.005845,67.876334,0.0 
-114.002583,67.876334,0.0 
-114.000352,67.877110,0.0 
-113.997948,67.876658,0.0 
-113.992112,67.876852,0.0 
-113.990910,67.877175,0.0 
-113.987992,67.876593,0.0 
-113.983357,67.876464,0.0 
-113.977349,67.876399,0.0 
-113.973369,67.876787,0.0 
-113.970794,67.877175,0.0 
-113.967704,67.877886,0.0 
-113.963756,67.876981,0.0 
-113.961181,67.877045,0.0 
-113.958434,67.877433,0.0 
-113.956031,67.878015,0.0 
-113.953113,67.877951,0.0 
-113.949508,67.877821,0.0 
-113.945731,67.878209,0.0 
-113.939895,67.878468,0.0 
-113.938350,67.878985,0.0 
-113.934745,67.878920,0.0 
-113.927192,67.878856,0.0 
-113.923759,67.878920,0.0 
-113.921699,67.879696,0.0 
-113.908309,67.880084,0.0 
-113.906077,67.880019,0.0 
-113.901614,67.880019,0.0 
-113.897323,67.879760,0.0 
-113.893375,67.879760,0.0 
-113.888225,67.879502,0.0 
-113.884791,67.880665,0.0 
-113.880328,67.881312,0.0 
-113.880328,67.882863,0.0 
-113.883933,67.883121,0.0 
-113.887881,67.882669,0.0 
-113.891658,67.882346,0.0 
-113.898696,67.882540,0.0 
-113.901614,67.882604,0.0 
-113.907279,67.882152,0.0 
-113.913116,67.881893,0.0 
-113.916377,67.881053,0.0 
-113.925304,67.881053,0.0 
-113.930968,67.881118,0.0 
-113.933200,67.880278,0.0 
-113.940581,67.880795,0.0 
-113.946057,67.880450,0.0 
-113.953782,67.881097,0.0 
-113.959962,67.879804,0.0 
-113.964940,67.879157,0.0 
-113.970948,67.879804,0.0 
-113.975068,67.880838,0.0 
-113.975068,67.882712,0.0 
-113.978501,67.881937,0.0 
-113.981248,67.882325,0.0 
-113.982621,67.883617,0.0 
-113.986741,67.883682,0.0 
-113.991548,67.884393,0.0 
-113.996354,67.883294,0.0 
-113.997727,67.881484,0.0 
-114.002191,67.881420,0.0 
-114.004422,67.880580,0.0 
-114.010602,67.881549,0.0 
-114.017640,67.881678,0.0 
-114.021417,67.881678,0.0 
-114.025708,67.880967,0.0 
-114.027081,67.881937,0.0 
-114.030515,67.882002,0.0 
-114.034978,67.881549,0.0 
-114.043389,67.881872,0.0 
-114.045449,67.882260,0.0 
-114.054547,67.881226,0.0 
-114.057809,67.882583,0.0 
-114.063302,67.881808,0.0 
-114.068280,67.881355,0.0 
-114.071713,67.879481,0.0 
-114.075662,67.879933,0.0 
-114.078408,67.880709,0.0 
-114.076348,67.881808,0.0 
-114.080125,67.882260,0.0 
-114.087335,67.882131,0.0 
-114.090253,67.882195,0.0 
-114.090768,67.882971,0.0 
-114.089223,67.884070,0.0 
-114.089395,67.885039,0.0 
-114.093686,67.885685,0.0 
-114.097634,67.885944,0.0 
-114.101068,67.885491,0.0 
-114.099866,67.883617,0.0 
-114.102098,67.883294,0.0 
-114.105187,67.884199,0.0 
-114.106561,67.886655,0.0 
-114.109307,67.887365,0.0 
-114.117032,67.886913,0.0 
-114.120637,67.887818,0.0 
-114.123212,67.888012,0.0 
-114.138146,67.887947,0.0 
-114.139520,67.889498,0.0 
-114.141751,67.889950,0.0 
-114.146729,67.889239,0.0 
-114.149991,67.889627,0.0 
-114.150849,67.890725,0.0 
-114.152909,67.891178,0.0 
-114.154454,67.891888,0.0 
-114.155141,67.893633,0.0 
-114.161149,67.894602,0.0 
-114.165269,67.896798,0.0 
-114.166642,67.899704,0.0 
-114.163724,67.900156,0.0 
-114.159261,67.900286,0.0 
-114.158402,67.900996,0.0 
-114.162522,67.901965,0.0 
-114.166814,67.901125,0.0 
-114.165269,67.902869,0.0 
-114.167501,67.903514,0.0 
-114.171105,67.902998,0.0 
-114.173509,67.903256,0.0 
-114.175054,67.902933,0.0 
-114.176770,67.903450,0.0 
-114.181233,67.903708,0.0 
-114.185868,67.903708,0.0 
-114.188100,67.904031,0.0 
-114.189130,67.904354,0.0 
-114.194108,67.904289,0.0 
-114.197541,67.903708,0.0 
-114.200288,67.903644,0.0 
-114.202691,67.903514,0.0 
-114.204236,67.903192,0.0 
-114.206983,67.903966,0.0 
-114.209729,67.903127,0.0 
-114.213334,67.902610,0.0 
-114.215737,67.901835,0.0 
-114.221231,67.902564,0.0 
-114.223977,67.902371,0.0 
-114.226895,67.902952,0.0 
-114.229642,67.903791,0.0 
-114.232560,67.902823,0.0 
-114.236852,67.902242,0.0 
-114.241487,67.902629,0.0 
-114.244920,67.903339,0.0 
-114.248010,67.902887,0.0 
-114.251786,67.900240,0.0 
-114.253503,67.899723,0.0 
-114.255563,67.898237,0.0 
-114.259168,67.897656,0.0 
-114.261914,67.897915,0.0 
-114.265176,67.897398,0.0 
-114.269639,67.897204,0.0 
-114.270154,67.894620,0.0 
-114.266549,67.892553,0.0 
-114.257108,67.890227,0.0 
-114.249664,67.888823,0.0 
-114.242798,67.888630,0.0 
-114.238678,67.887854,0.0 
-114.234043,67.886433,0.0 
</coordinates>